#NPC买
盐			color(145,139,123)(166,162,141)
砂糖			color(166,126,104)(170,129,100)
发酵剂		color(220,192,155)(231,197,162)
基本酱料		color(194,182,152)(189,181,140)
橄榄油		color(166,191,199)(157,173,158)
油炸用油		color(231,221,174)(200,175,102)
料理饮用水	color(177,191,190)(133,166,165)
甜椒			color(206,158,41)(200,160,33)
料理用红酒	color(206,210,197)(143,144,125)
草莓			color(199,70,59)(148,40,33)

#劳工采集
鸡蛋			color(241,205,144)(192,161,110)
蜂蜜			color(90,77,66)(161,146,136)
鸡肉			color(239,215,206)(169,147,149)

#仓库加工
荞麦粉		color(206,182,148)(221,202,172)
荞麦粉面团	color(200,190,165)(144,126,98)

#采集
羊肉			color(183,64,72)(191,82,84)
牛奶			color(172,182,193)(194,204,211)

#耕种
胡椒			color(110,88,79)(37,31,27)
洋葱			color(254,219,189)(231,173,131)

#交易所买
辣椒			color(156,27,23)(226,96,55)
洋葱			color(250,206,172)(236,183,143)
向日葵		color(234,222,92)(230,206,74)

#其他
红酱			color(138,51,22)(183,62,28)
啤酒			color(209,192,170)(122,95,84)
煙燻魚排		color(149,139,126)(159,108,68)
炒青菜		color(68,77,88)(108,110,99)
烤香肠		color(109,69,45)(66,32,8)
起司			color(185,124,66)(191,127,68)
起司焗烤		color(235,204,123)(230,179,100)
肉丸子		color(134,82,55)(74,34,33)